              precision    recall  f1-score   support

    accident       0.78      0.90      0.83        78
         add       0.85      0.67      0.75        60
       alone       0.68      0.83      0.75        60
      animal       0.88      0.83      0.85        60
       apple       0.76      0.83      0.80        66
 appointment       0.85      0.78      0.82        60
       argue       0.76      0.68      0.72        66
         bad       0.66      0.67      0.66        60
     balance       0.92      0.73      0.81        60
         bar       0.70      0.86      0.77        66
  basketball       0.74      0.67      0.70        72
     because       0.79      0.83      0.81        66
         bed       0.83      0.62      0.71        78
      before       0.70      0.62      0.66        96
         big       0.84      0.86      0.85        66
        bird       0.85      0.83      0.84        60
       black       0.84      0.78      0.81        60
     blanket       0.76      0.78      0.77        60
     bowling       0.80      0.90      0.85        78
     brother       0.71      0.64      0.67        66
        call       0.93      0.69      0.79        72
       candy       0.81      0.83      0.82        78
       catch       0.86      0.88      0.87        72
    champion       0.77      0.73      0.75        66
      change       0.85      0.85      0.85        72
       cheat       0.91      0.82      0.86        60
       check       0.58      0.68      0.62        66
        cold       0.87      0.72      0.79        72
        come       0.83      0.83      0.83        90
    computer       0.84      0.83      0.84        84
    convince       0.90      0.76      0.83        72
        cool       0.78      0.86      0.82        96
        corn       0.91      0.86      0.89        72
     country       0.88      0.85      0.86        66
      cousin       0.87      0.92      0.90       102
         cry       0.77      0.82      0.79        60
        dark       0.68      0.69      0.69        72
    daughter       0.86      0.65      0.74        66
        deaf       0.85      0.86      0.86        66
       delay       0.81      0.79      0.80        66
   delicious       0.75      0.78      0.76        60
   different       0.91      0.80      0.85        60
     discuss       0.86      0.92      0.89        60
        dive       0.80      0.80      0.80        60
      doctor       0.46      0.86      0.60        66
         dog       0.69      0.80      0.74        66
       drink       0.76      0.82      0.79        90
         dry       0.71      0.78      0.75        60
 environment       0.78      0.62      0.69        72
     example       0.76      0.83      0.80        66
      family       0.83      0.53      0.65        66
         far       0.80      0.74      0.77        66
         fat       0.77      0.73      0.75        60
       fault       0.85      0.87      0.86        60
        fish       0.79      0.70      0.74        60
      friend       0.91      0.85      0.88       102
        full       0.90      0.85      0.87        72
      future       0.89      0.78      0.83        60
        give       0.90      0.82      0.86        78
          go       0.87      0.77      0.82        90
        good       0.56      0.65      0.60        60
  government       0.77      0.89      0.83        66
    graduate       0.81      0.72      0.76        60
        help       0.93      0.79      0.85        84
         hot       0.67      0.72      0.69        60
     improve       0.90      0.79      0.84        72
      inform       0.88      0.82      0.85        84
    interest       0.85      0.77      0.81        60
        join       0.95      0.90      0.92        60
        kiss       0.79      0.82      0.80        60
    language       0.59      0.72      0.65        60
        last       0.57      0.74      0.64        72
       later       0.77      0.69      0.73        72
       laugh       0.83      0.83      0.83        66
       leave       0.80      0.71      0.75        66
      letter       0.70      0.65      0.68        66
        like       0.69      0.86      0.77        66
        make       0.78      0.78      0.78        60
         man       0.88      0.74      0.80        72
        many       0.96      0.78      0.86        60
        mean       0.86      0.80      0.83        60
      mother       0.82      0.83      0.83        66
        move       0.78      0.65      0.71        60
          no       0.91      0.83      0.87        96
      orange       0.57      0.87      0.68        60
       order       0.85      0.65      0.74        60
 perspective       0.78      0.75      0.76        60
        pink       0.77      0.80      0.79        60
       pizza       0.78      0.85      0.81        72
        play       0.62      0.77      0.69        66
       point       0.33      0.68      0.45        66
       ready       0.84      0.82      0.83        60
        room       0.79      0.79      0.79        72
    sandwich       0.63      0.83      0.72        60
      school       0.80      0.79      0.80       114
       score       0.86      0.85      0.85        72
   secretary       0.68      0.70      0.69        60
       shirt       0.64      0.76      0.70        72
       short       0.58      0.73      0.65        78
        sick       0.81      0.65      0.72        60
       silly       0.74      0.92      0.82        60
        snow       0.82      0.70      0.76        60
         son       0.81      0.65      0.72        60
        soon       0.72      0.79      0.75        66
      speech       0.78      0.77      0.77        60
        stop       0.90      0.93      0.91       120
       study       0.78      0.65      0.71        60
       sweet       0.79      0.90      0.84        60
        take       0.90      0.88      0.89        84
        tall       0.82      0.59      0.69        78
        tell       0.77      0.95      0.85        60
thanksgiving       0.61      0.62      0.61        78
      theory       0.94      0.80      0.86        60
        thin       0.77      0.77      0.77        96
    thursday       0.76      0.89      0.82        66
       tiger       0.76      0.80      0.78        60
       toast       0.77      0.62      0.69        60
       trade       0.84      0.73      0.78        78
        ugly       0.89      0.68      0.77        60
       upset       0.85      0.75      0.80        60
       voice       0.71      0.90      0.79        60
       vomit       0.68      0.75      0.71        60
        wait       0.85      0.73      0.79        60
        walk       0.74      0.79      0.76        66
        want       0.88      0.58      0.70        60
         wet       0.82      0.77      0.79        60
        what       0.82      0.69      0.75        72
       white       0.71      0.65      0.68        60
         who       0.73      0.71      0.72        84
         why       0.72      0.82      0.77        66
        wife       0.88      0.58      0.70        60
       woman       0.59      0.82      0.68        66
        work       0.89      0.67      0.76        60
       write       0.72      0.70      0.71        60
        year       0.67      0.63      0.65        60
         yes       0.90      0.83      0.87        90
   yesterday       0.69      0.97      0.81        60

    accuracy                           0.77      9372
   macro avg       0.79      0.77      0.77      9372
weighted avg       0.79      0.77      0.78      9372
